  402 467 521 565 622 685 748 815 871 914
  962 1007 1048 1092 1139 1182 1215 1246 1274 1306
  1345 1387 1440 1496 1548 1611 1664 1721 1778 1833
  1887 1935 1983 2033 2094 2165 2230 2287 2339 2391
  2442 2501 2565 2628 2692 2750 2796 2855 2917 2978
  3034 3089 3143 3197 3196 3204 3253 3309 3318 3369
  3379 3428 3491 3549 3616 3626 3694 3768 3835 3888
  3957 4023 4091 4161 4221 4291 4356 4426 4492 4569
  4642 4652 4724 4781 4849 4862 4864 4932 4997 4998
  4999 4979 5035 5038 5095 5114 5115 5169 5198 5199
  5200 5246 5265 5308 5350 5390 5427 5428 5463 5485
  5524 5560 5561 5591 5628 5660 5696 5738 5779 5780
  5823 5824 5838 5839 5882 5933 5936 5977 5978 6028
  6089 6090 6150 6200 6260 6319 6372 6432 6493 6494
  6560 6628 6694 6697 6762 6823 6825 6889 6915 6979
  7043 7110 7179 7185 7252 7325 7327 7378 7453 7526
  7549 7560 7629 7699 7768 7835 7901 7966 7973 8028
  8088 8147 8210 8272 8334 8395 8455 8520 8582 8600
  8661 8718 8773 8828 8833 8889 8948 9005 9008 9064
  9119 9156 9187 9246 9302 9363 9421 9423 9479 9539
  9601 9659 9703 9760 9819 9821 9883 9945 10008 10070
  10093 10155 10220 10223 10264 10331 10365 10427 10487 10547
  10608 10667 10700 10758 10816 10874 10932 10933 10988 11048
  11057 11124 11189 11251 11316 11318 11379 11431 11487 11497
  11555 11557 11595 11651 11704 11759 11813 11868 11920 11976
  12040 12041 12047 12114 12116 12117 12171 12231 12276 12336
  12396 12456 12515 12578 12635 12701 12762 12817 12874 12932
  12942 12944 12998 13040 13041 13095 13073 13072 13071 13070
  13067 13013 13012 13010 13009 13008 12952 12951 13001 12950
  12893 12892 12832 12830 60