  235 276 332 405 470 524 568 625 688 751
  818 874 917 965 1010 1051 1095 1142 1185 1218
  1249 1277 1309 1348 1390 1443 1499 1551 1614 1667
  1724 1781 1836 1890 1938 1986 2036 2097 2168 2233
  2290 2342 2394 2445 2504 2568 2605 2667 2731 2793
  2852 2914 2975 3031 3030 3041 3085 3139 3151 3193
  3206 3249 3307 3365 3427 3440 3502 3563 3629 3679
  3753 3822 3891 3960 4016 4083 4149 4220 4285 4354
  4424 4439 4508 4566 4639 4657 4659 4731 4801 4802
  4803 4778 4844 4847 4914 4941 4942 5006 5034 5062
  5172 5173 5222 5267 5310 5352 5353 5393 5414 5449
  5487 5475 5511 5545 5580 5615 5649 5684 5690 5729
  5761 5805 5817 5863 5911 5967 6021 6079 6140 6203
  6263 6322 6383 6441 6502 6564 6632 6699 6700 6764
  6828 6892 6895 6959 7020 7022 7089 7113 7182 7248
  7321 7395 7403 7474 7545 7547 7600 7670 7740 7757
  7771 7838 7904 7969 8031 8092 8152 8157 8213 8275
  8337 8398 8458 8523 8585 8646 8703 8758 8769 8825
  8882 8942 9000 9002 9059 9117 9176 9178 9238 9292
  9336 9367 9425 9483 9542 9604 9606 9662 9719 9776
  9835 9887 9948 10011 10013 10073 10136 10203 10267 10287
  10352 10414 10417 10460 10521 10550 10611 10670 10727 10786
  10845 10877 10936 10992 11052 11115 11116 11178 11238 11248
  11313 11376 11435 11493 11495 11553 11603 11658 11668 11721
  11723 11763 11819 11871 11926 11980 12042 12106 12173 12235
  12236 12242 12302 12304 12305 12352 12412 12457 12517 12581
  12638 12704 12765 12818 12878 12936 12988 13042 13099 13108
  13110 13166 13210 13211 13266 13242 13241 13240 13239 13236
  13181 13180 13178 13177 13176 13118 13117 13169 13116 13060
  13059 13002 13000 61