  330 403 468 522 566 623 686 749 816 872
  915 963 1008 1049 1093 1140 1183 1216 1247 1275
  1307 1346 1388 1441 1497 1549 1612 1665 1722 1779
  1834 1888 1936 1984 2034 2095 2166 2231 2288 2340
  2392 2443 2502 2566 2629 2693 2733 2795 2854 2916
  2977 3033 3088 3142 3141 3150 3195 3252 3262 3308
  3319 3367 3429 3488 3550 3561 3627 3695 3769 3820
  3889 3958 4024 4092 4151 4222 4288 4357 4422 4493
  4570 4581 4653 4711 4782 4797 4799 4865 4933 4934
  4935 4913 4978 4981 5037 5059 5060 5116 5147 5148
  5170 5220 5221 5266 5309 5351 5391 5392 5429 5448
  5486 5525 5526 5556 5592 5626 5659 5695 5736 5737
  5777 5778 5793 5794 5837 5883 5886 5920 5965 6019
  6077 6138 6201 6261 6320 6381 6433 6495 6561 6562
  6629 6695 6760 6763 6829 6888 6890 6954 6980 7044
  7111 7180 7246 7254 7326 7400 7402 7454 7527 7598
  7618 7630 7700 7769 7836 7902 7967 8029 8036 8089
  8148 8211 8273 8335 8396 8456 8521 8583 8644 8657
  8715 8771 8827 8884 8886 8946 9004 9061 9063 9121
  9177 9216 9247 9303 9365 9422 9480 9482 9540 9602
  9660 9717 9762 9820 9884 9886 9946 10009 10071 10134
  10156 10221 10285 10288 10332 10396 10428 10488 10548 10609
  10668 10725 10759 10817 10875 10934 10989 10990 11049 11113
  11123 11188 11250 11315 11378 11380 11437 11488 11546 11556
  11611 11613 11652 11705 11760 11814 11869 11924 11975 12039
  12108 12109 12115 12180 12182 12183 12232 12292 12334 12395
  12459 12513 12577 12640 12700 12761 12820 12876 12931 12987
  12997 12999 13054 13096 13097 13152 13128 13127 13126 13125
  13122 13069 13068 13066 13065 13064 13007 13006 13057 13005
  12949 12948 12891 12889 64